time	io	shay	min	yara	dynamo	tools	ecegrid	nano	
0	36	76	32	41	47	43	42	33	
5	78	40	71	49	46	74	44	73	
10	55	56	35	69	32	72	44	68	
15	56	33	50	59	48	70	42	35	
20	32	58	53	38	56	65	76	70	
25	54	48	64	58	38	32	58	44	
30	38	66	68	69	64	72	30	54	
35	75	77	71	50	33	67	38	73	
40	75	59	78	30	39	75	70	52	
45	46	41	50	69	50	31	70	48	
50	62	38	53	76	78	72	63	36	
55	40	41	52	30	71	55	54	61	
60	46	41	49	74	38	49	44	57	
65	52	52	41	70	38	35	31	73	
70	65	77	65	54	32	35	70	70	
75	67	30	64	41	74	51	78	60	
80	59	66	56	38	33	52	59	80	
85	31	48	44	31	55	71	70	43	
90	64	43	60	76	78	44	73	70	
95	40	68	38	80	54	58	66	45	
100	75	42	80	68	64	39	80	63	
